50 48
33 32 2 47 4 33 7 7 8 18 14 31 15 5 49 19 7 26 25 0 44 2 11 35 46 11 23 36 35 0 44 0 4 26 14 44 0 30 34 41 47 31 46 41 40 50 10 0
26 27 39 8 14 45 42 5 38 27 25 1 20 21 50 23 1 11 17 35 33 14 40 7 14 47 20 3 0 46 8 32 35 16 6 36 48 5 48 41 3 16 10 20 32 33 50 3
31 50 0 39 41 5 35 16 27 27 32 10 19 28 38 16 29 7 2 6 5 2 15 17 25 0 30 18 34 44 43 29 0 45 50 46 33 0 16 37 27 15 8 14 19 22 27 30
7 36 31 35 2 48 24 20 15 11 30 31 3 34 2 14 36 26 27 3 23 48 27 0 48 6 28 40 14 40 34 21 6 24 26 50 0 29 49 29 44 3 41 15 36 49 3 48
24 41 34 7 40 42 15 8 36 4 44 20 39 7 4 1 23 28 4 15 7 39 3 3 46 47 33 45 17 49 35 24 50 6 2 11 44 27 0 36 45 29 7 45 26 1 3 7
21 9 40 40 43 48 45 22 16 15 3 3 10 6 39 38 49 42 0 43 5 39 39 14 19 47 10 27 28 29 6 40 9 14 47 31 16 32 38 23 7 4 26 32 30 23 23 21
28 50 20 19 24 48 16 9 34 7 21 49 28 29 36 47 31 48 36 35 44 49 14 24 44 27 49 1 0 42 16 33 8 30 7 38 14 38 35 16 45 15 23 2 46 32 4 1
49 15 37 19 15 16 40 24 22 16 14 43 14 21 44 1 36 22 34 3 41 46 1 18 30 42 32 42 0 34 29 39 31 8 46 36 8 27 2 40 48 15 19 46 26 18 11 28
36 40 22 9 22 45 38 32 11 33 1 35 38 46 4 47 21 26 17 48 1 27 25 21 31 50 25 34 34 18 39 41 21 6 9 28 46 22 30 6 37 40 1 32 7 38 31 49
3 37 8 7 24 33 23 42 14 7 43 1 45 0 21 5 15 21 48 5 6 44 28 43 23 6 23 36 34 35 30 40 0 11 17 17 22 19 4 2 22 26 22 42 23 9 15 25
4 43 30 14 10 7 22 34 10 28 39 48 32 31 3 39 31 47 39 18 7 28 24 37 24 16 20 15 4 26 41 17 14 1 50 42 34 20 47 46 0 47 43 20 18 34 5 1
27 3 50 49 25 40 35 0 33 16 14 18 8 49 7 45 35 16 11 30 39 34 20 6 31 48 18 40 36 8 9 15 31 11 18 18 7 25 4 29 4 36 11 18 29 32 46 6
32 25 32 36 6 6 31 21 40 23 38 48 28 8 19 49 50 10 8 25 8 7 0 3 38 42 49 17 39 10 19 32 9 30 6 25 0 24 10 9 40 16 25 4 11 2 32 26
11 36 45 34 22 39 7 19 5 33 11 33 6 26 33 17 0 39 11 29 2 47 15 33 19 23 41 44 49 32 19 7 22 10 4 8 1 46 18 43 0 10 38 5 11 48 32 7
45 22 8 31 49 30 30 4 44 5 15 14 5 22 26 28 18 9 26 35 19 49 18 29 24 8 25 49 11 22 9 23 24 36 30 30 4 26 8 5 15 29 39 32 41 26 37 26
47 0 23 50 30 35 19 2 45 0 10 9 3 24 32 49 23 30 38 26 43 44 28 39 10 4 29 34 42 14 9 7 38 50 29 30 36 5 46 1 24 42 25 44 11 11 43 35
18 48 32 35 31 41 3 40 27 9 46 6 18 31 42 24 0 1 39 27 47 37 5 50 11 34 35 0 40 9 1 28 15 7 38 32 23 25 9 46 38 32 22 29 36 22 45 33
33 9 20 40 35 41 38 39 31 42 49 3 1 19 25 45 4 49 28 40 22 26 27 28 37 28 31 30 47 0 0 47 19 37 20 46 40 39 4 37 33 38 11 19 35 8 29 21
30 34 5 40 0 20 19 23 45 20 15 50 2 15 19 40 24 37 2 40 48 40 7 33 25 5 30 9 24 4 30 33 29 37 11 39 34 2 50 33 22 3 5 36 6 0 37 39
32 16 9 14 35 28 9 42 14 0 32 16 49 36 17 28 44 1 43 19 2 23 21 21 5 14 21 49 3 35 22 35 9 42 11 40 7 5 36 16 11 42 22 28 25 41 47 48
11 46 14 8 20 40 27 36 44 23 3 0 8 38 21 2 47 4 28 28 24 8 33 15 50 32 27 34 32 19 44 42 24 21 43 49 38 42 35 28 1 25 23 4 1 43 42 7
9 10 47 43 26 29 7 23 31 22 25 45 15 3 33 26 7 28 25 4 2 7 32 48 38 26 50 8 5 26 22 11 23 45 46 16 23 31 18 43 30 0 20 42 46 0 20 22
37 30 14 0 23 1 3 46 36 25 19 1 19 28 38 15 9 49 43 25 41 16 17 22 44 10 30 10 22 4 48 18 19 9 28 1 23 11 29 18 11 1 7 42 1 41 23 11
33 8 50 41 32 28 44 24 16 48 3 23 3 50 33 39 9 7 45 34 30 18 4 14 50 36 6 30 35 20 50 36 11 3 36 35 32 11 7 26 17 42 22 27 26 34 22 30
35 20 43 15 50 29 38 35 35 25 5 3 39 0 26 8 47 25 4 47 38 41 43 14 6 29 4 37 10 2 6 27 15 30 40 3 42 24 26 42 23 0 23 1 23 0 34 9
17 42 31 15 48 24 1 44 28 41 30 14 45 31 7 34 37 25 17 0 48 28 27 40 36 8 45 15 49 23 4 21 17 36 39 31 19 43 43 0 42 28 31 4 10 9 35 5
42 33 14 17 40 15 46 44 46 32 44 11 1 4 39 0 34 30 21 0 45 50 35 30 40 38 16 28 41 15 16 5 22 31 27 30 41 40 31 41 31 4 24 39 34 42 23 38
46 50 43 25 6 44 6 46 47 16 9 34 46 24 4 19 41 27 14 0 20 10 35 3 24 19 23 36 28 49 50 3 30 23 0 38 37 35 33 10 42 3 23 9 50 18 17 40
27 49 4 9 6 26 28 14 39 47 0 6 43 24 30 46 39 18 6 45 29 50 34 22 50 14 11 1 42 4 14 43 6 5 24 15 49 46 46 11 17 0 28 26 35 10 8 1
44 30 49 10 33 39 16 20 24 16 5 26 11 23 14 28 44 6 48 19 5 50 40 41 36 38 41 41 39 26 16 21 21 11 14 26 21 18 7 23 9 3 0 27 30 39 6 17
25 21 50 45 41 0 26 43 45 2 33 47 33 30 23 2 31 50 35 8 9 40 42 47 16 1 22 21 50 48 16 37 6 8 34 25 42 40 32 27 11 5 47 14 40 26 19 18
17 41 41 6 11 4 15 37 14 39 44 21 50 11 39 15 24 0 43 15 10 23 6 19 11 27 48 38 38 42 0 18 6 2 49 24 2 16 47 30 31 10 29 16 32 39 43 43
45 1 31 6 8 3 11 28 4 9 45 1 21 10 35 9 10 20 41 9 29 19 38 29 28 0 37 35 20 6 22 40 26 22 26 37 34 25 22 38 28 42 45 44 9 33 10 10
0 41 26 45 3 18 3 0 29 39 0 2 24 47 37 48 24 18 6 41 42 0 30 48 10 49 24 48 46 47 1 34 26 28 9 11 49 46 42 50 43 27 34 8 43 10 24 9
41 18 36 36 39 7 11 38 30 5 20 32 49 18 17 7 21 41 22 44 38 7 42 11 39 2 21 46 20 30 16 44 23 37 3 39 30 40 9 26 31 23 39 40 2 50 1 36
45 33 5 14 43 11 11 5 44 45 23 1 49 45 49 31 44 6 48 18 20 38 30 36 1 31 36 29 24 50 14 43 33 38 0 21 31 21 33 26 28 47 24 17 19 11 37 37
23 11 15 18 38 42 30 4 44 1 27 8 37 38 50 36 50 11 10 47 1 43 17 44 11 26 4 40 38 46 21 2 0 45 14 35 33 16 15 38 18 9 17 21 34 6 24 48
15 47 14 26 1 38 9 32 8 9 6 45 10 33 4 35 31 44 16 24 29 33 23 23 1 21 19 10 42 14 50 6 44 43 9 29 43 20 44 38 38 39 42 24 21 46 45 28
6 34 49 36 39 9 37 49 19 8 3 17 28 28 39 36 4 28 46 33 30 49 21 14 40 10 23 25 4 22 1 33 50 1 29 40 44 15 36 38 19 35 17 35 44 36 44 28
34 37 16 27 26 14 47 15 3 49 2 24 3 49 2 10 27 31 24 2 17 25 43 11 11 29 28 45 37 39 34 25 16 24 32 15 33 1 29 15 18 18 31 5 15 17 1 17
26 35 17 47 47 37 27 27 25 46 11 11 15 37 22 40 33 4 15 10 5 5 41 0 0 50 24 24 0 14 21 16 8 25 30 27 14 47 31 23 44 20 33 30 18 32 36 3
40 9 46 29 46 31 20 27 30 4 11 19 9 1 24 31 0 38 8 26 35 19 0 0 16 30 7 3 25 1 24 47 16 6 49 8 35 49 41 28 50 7 48 19 35 38 6 18
0 47 48 14 8 16 30 2 1 31 40 28 2 31 0 44 37 31 20 41 7 0 17 2 34 7 0 39 0 27 45 26 33 42 28 25 15 23 49 27 33 24 33 48 5 37 10 36
21 26 34 45 30 16 11 34 47 34 28 15 7 30 44 32 44 36 26 30 7 34 6 18 28 29 6 4 2 23 16 20 5 0 8 30 38 18 40 17 17 27 43 47 26 17 33 10
16 29 44 32 31 45 29 30 47 8 47 22 33 48 28 34 40 3 36 40 0 30 0 16 26 46 29 10 43 33 15 35 44 14 34 38 39 18 29 23 5 9 27 1 24 47 3 41
4 48 10 26 20 22 47 18 20 39 41 11 4 41 2 32 24 45 10 2 29 28 2 39 48 14 5 26 50 10 0 5 42 35 26 8 49 35 3 48 18 30 8 28 5 26 28 43
21 35 44 30 31 42 16 30 18 43 45 32 20 10 42 50 4 31 2 33 2 41 6 0 41 34 10 9 14 23 47 40 7 9 16 11 49 17 36 36 47 44 23 3 33 48 17 30
23 18 42 21 10 10 18 16 6 23 3 16 4 26 33 43 2 0 30 24 27 44 1 20 2 6 7 18 32 36 46 45 4 45 33 35 28 44 36 27 17 47 38 37 18 18 17 5
34 47 37 21 5 0 44 47 19 30 31 48 1 35 10 40 47 36 3 38 17 16 27 22 26 45 0 45 43 4 44 18 8 38 34 49 27 38 0 25 33 44 31 42 19 2 27 20
48 15 48 36 6 45 49 30 23 44 31 46 26 11 36 33 21 30 40 9 9 37 29 3 26 5 35 0 32 42 1 10 17 14 42 36 4 19 49 46 48 29 2 34 34 36 44 46
